Number of nodes 296 
     0 :  0.0000000e+00  0.0000000e+00 
     1 : -1.0000000e+00  0.0000000e+00 
     2 :  1.0000000e+00  0.0000000e+00 
     3 : -1.5000000e+00  0.0000000e+00 
     4 :  1.5000000e+00  0.0000000e+00 
     5 :  2.5000000e-01  0.0000000e+00 
     6 : -2.5000000e-01  0.0000000e+00 
     7 :  2.5000000e-01 -7.5000000e-01 
     8 : -2.5000000e-01 -7.5000000e-01 
     9 : -2.5000000e-01  5.0000000e-01 
    10 :  2.5000000e-01  5.0000000e-01 
    11 : -5.0000000e-01  5.0000000e-01 
    12 :  5.0000000e-01  5.0000000e-01 
    13 :  5.0000000e-01  7.5000000e-01 
    14 : -5.0000000e-01  7.5000000e-01 
    15 :  2.5000000e-01  7.5000000e-01 
    16 : -2.5000000e-01  7.5000000e-01 
    17 : -2.5000000e-01  1.0000000e+00 
    18 :  2.5000000e-01  1.0000000e+00 
    19 :  0.0000000e+00  1.3750000e+00 
    20 :  0.0000000e+00  1.8256939e+00 
    21 : -1.2500000e+00  2.5000000e-01 
    22 :  1.2500000e+00  2.5000000e-01 
    23 : -1.7500000e+00  0.0000000e+00 
    24 : -7.5000000e-01  0.0000000e+00 
    25 :  7.5000000e-01  0.0000000e+00 
    26 :  1.7500000e+00  0.0000000e+00 
    27 :  0.0000000e+00 -1.5000000e+00 
    28 :  0.0000000e+00  1.2500000e+00 
    29 :  1.2500000e-01  1.3750000e+00 
    30 :  0.0000000e+00  1.5000000e+00 
    31 : -1.2500000e-01  1.3750000e+00 
    32 : -9.8119593e-01 -1.6689070e-01 
    33 : -9.2572665e-01 -3.2541281e-01 
    34 : -8.3637361e-01 -4.6761735e-01 
    35 : -7.1761735e-01 -5.8637361e-01 
    36 : -5.7541280e-01 -6.7572665e-01 
    37 : -4.1689070e-01 -7.3119593e-01 
    38 :  4.1689070e-01 -7.3119593e-01 
    39 :  5.7541281e-01 -6.7572665e-01 
    40 :  7.1761735e-01 -5.8637361e-01 
    41 :  8.3637361e-01 -4.6761735e-01 
    42 :  9.2572665e-01 -3.2541280e-01 
    43 :  9.8119593e-01 -1.6689070e-01 
    44 :  1.4905683e+00 -1.6794671e-01 
    45 :  1.4623919e+00 -3.3378140e-01 
    46 :  1.4158250e+00 -4.9541859e-01 
    47 :  1.3514533e+00 -6.5082561e-01 
    48 :  1.2700863e+00 -7.9804812e-01 
    49 :  1.1727472e+00 -9.3523471e-01 
    50 :  1.0606602e+00 -1.0606602e+00 
    51 :  9.3523470e-01 -1.1727472e+00 
    52 :  7.9804811e-01 -1.2700863e+00 
    53 :  6.5082561e-01 -1.3514533e+00 
    54 :  4.9541859e-01 -1.4158250e+00 
    55 :  3.3378140e-01 -1.4623919e+00 
    56 :  1.6794671e-01 -1.4905683e+00 
    57 : -2.5000000e-01 -5.9375000e-01 
    58 : -2.5000000e-01 -4.3750000e-01 
    59 : -2.5000000e-01 -2.8125000e-01 
    60 : -2.5000000e-01 -1.2500000e-01 
    61 : -2.5000000e-01  3.1250000e-02 
    62 : -2.5000000e-01  1.8750000e-01 
    63 : -2.5000000e-01  3.4375000e-01 
    64 :  2.5000000e-01  3.4375000e-01 
    65 :  2.5000000e-01  1.8750000e-01 
    66 :  2.5000000e-01  3.1250000e-02 
    67 :  2.5000000e-01 -1.2500000e-01 
    68 :  2.5000000e-01 -2.8125000e-01 
    69 :  2.5000000e-01 -4.3750000e-01 
    70 :  2.5000000e-01 -5.9375000e-01 
    71 : -3.7500000e-01  5.0000000e-01 
    72 : -5.0000000e-01  6.2500000e-01 
    73 : -3.7500000e-01  7.5000000e-01 
    74 :  3.7500000e-01  7.5000000e-01 
    75 :  5.0000000e-01  6.2500000e-01 
    76 :  3.7500000e-01  5.0000000e-01 
    77 : -2.5000000e-01  8.7500000e-01 
    78 :  2.5000000e-01  8.7500000e-01 
    79 : -3.6733434e-01  1.1138669e+00 
    80 : -4.3632427e-01  1.2621012e+00 
    81 : -4.4789012e-01  1.4251940e+00 
    82 : -4.0050973e-01  1.5816808e+00 
    83 : -3.0041876e-01  1.7109666e+00 
    84 : -1.6079007e-01  1.7960363e+00 
    85 :  1.6079007e-01  1.7960363e+00 
    86 :  3.0041877e-01  1.7109666e+00 
    87 :  4.0050973e-01  1.5816808e+00 
    88 :  4.4789012e-01  1.4251940e+00 
    89 :  4.3632427e-01  1.2621012e+00 
    90 :  3.6733434e-01  1.1138669e+00 
    91 : -1.6250000e+00  0.0000000e+00 
    92 : -1.6794671e-01 -1.4905683e+00 
    93 : -3.3378140e-01 -1.4623919e+00 
    94 : -4.9541859e-01 -1.4158250e+00 
    95 : -6.5082561e-01 -1.3514533e+00 
    96 : -7.9804812e-01 -1.2700863e+00 
    97 : -9.3523471e-01 -1.1727472e+00 
    98 : -1.0606602e+00 -1.0606602e+00 
    99 : -1.1727472e+00 -9.3523470e-01 
   100 : -1.2700863e+00 -7.9804811e-01 
   101 : -1.3514533e+00 -6.5082561e-01 
   102 : -1.4158250e+00 -4.9541859e-01 
   103 : -1.4623919e+00 -3.3378140e-01 
   104 : -1.4905683e+00 -1.6794671e-01 
   105 : -1.6250000e+00  6.2500000e-02 
   106 : -1.5000000e+00  1.2500000e-01 
   107 : -1.3750000e+00  1.8750000e-01 
   108 : -1.1250000e+00  1.8750000e-01 
   109 : -1.0000000e+00  1.2500000e-01 
   110 : -8.7500000e-01  6.2500000e-02 
   111 : -8.7500000e-01  0.0000000e+00 
   112 :  8.7500000e-01  0.0000000e+00 
   113 :  8.7500000e-01  6.2500000e-02 
   114 :  1.0000000e+00  1.2500000e-01 
   115 :  1.1250000e+00  1.8750000e-01 
   116 :  1.3750000e+00  1.8750000e-01 
   117 :  1.5000000e+00  1.2500000e-01 
   118 :  1.6250000e+00  6.2500000e-02 
   119 :  1.6250000e+00  0.0000000e+00 
   120 :  8.8388348e-02  1.2866117e+00 
   121 :  8.8388347e-02  1.4633883e+00 
   122 : -8.8388348e-02  1.4633883e+00 
   123 : -8.8388347e-02  1.2866117e+00 
   124 :  7.5805278e-02 -1.3498380e+00 
   125 : -3.7427190e-01 -1.2991265e+00 
   126 :  3.4319323e-01 -8.8455041e-01 
   127 :  1.9699035e-01 -9.0357132e-01 
   128 :  1.4173899e-01  8.1191798e-01 
   129 : -6.4309699e-01 -1.1853245e+00 
   130 :  1.2821518e-01  4.2187500e-01 
   131 :  7.6832192e-01 -1.0897675e+00 
   132 : -1.3720438e+00 -8.7342862e-02 
   133 :  1.3701706e+00 -8.7618336e-02 
   134 : -8.9958486e-01 -9.8920938e-01 
   135 :  2.8560167e-01 -1.0273213e+00 
   136 : -1.4937039e-01  9.2580640e-01 
   137 : -3.4335624e-01 -8.8508494e-01 
   138 : -1.7858662e-01 -9.0217233e-01 
   139 :  1.0198371e+00 -8.8583731e-01 
   140 : -8.6503536e-01 -6.5241377e-01 
   141 :  7.4554516e-02  1.1931723e+00 
   142 : -1.1468353e-01 -3.5937500e-01 
   143 :  1.2152841e-01  1.1058322e-01 
   144 : -1.2631986e-01 -6.5432767e-01 
   145 : -7.3938622e-02  1.1911530e+00 
   146 :  1.1939067e+00 -6.7022866e-01 
   147 : -1.2892508e+00 -3.4710695e-01 
   148 :  1.2892508e+00 -3.4710695e-01 
   149 :  1.2478286e-01  5.5598893e-01 
   150 :  4.3663702e-01 -1.0147863e+00 
   151 :  1.3988521e-01 -1.0533716e+00 
   152 :  7.2389708e-01 -7.5420288e-01 
   153 : -2.0748800e-01  1.3048809e+00 
   154 :  2.0748800e-01  1.3048809e+00 
   155 :  9.9641266e-03  4.8867871e-01 
   156 :  1.7372797e-02  6.2701804e-01 
   157 :  1.2756884e-03  3.4384849e-01 
   158 : -2.0095888e-01  1.4678399e+00 
   159 :  2.0095888e-01  1.4678399e+00 
   160 : -8.3023683e-02  1.5830780e+00 
   161 :  7.1959919e-02  1.5591815e+00 
   162 : -1.1644077e-01 -4.6292551e-02 
   163 :  1.2400359e-01 -5.1139462e-01 
   164 :  1.1468353e-01 -2.0312500e-01 
   165 : -1.1938641e+00 -6.6997096e-01 
   166 : -1.1204311e+00 -9.6319511e-02 
   167 :  1.1166500e+00 -9.7648004e-02 
   168 : -2.8288672e-01 -1.0286294e+00 
   169 :  3.7113764e-01 -1.3005783e+00 
   170 : -4.3386647e-01 -1.0174494e+00 
   171 : -1.2800356e-01 -1.0512110e+00 
   172 : -7.2704250e-01 -7.4758374e-01 
   173 :  8.6357899e-01 -6.5077135e-01 
   174 :  1.0045253e+00 -4.6632254e-01 
   175 : -1.0043861e+00 -4.6621156e-01 
   176 :  9.1214978e-02 -7.7775439e-01 
   177 :  1.1116130e+00 -2.5490502e-01 
   178 : -1.1116130e+00 -2.5490502e-01 
   179 : -2.2944683e-01  1.1243981e+00 
   180 :  2.2628575e-01  1.1235346e+00 
   181 :  1.4405331e-01  1.0463017e+00 
   182 :  5.8579274e-01 -8.2871877e-01 
   183 : -5.8780539e-01 -8.3205725e-01 
   184 : -8.8870725e-01 -8.0950270e-01 
   185 :  1.2469383e+00  1.1835459e-01 
   186 : -1.2534704e+00  1.1545716e-01 
   187 :  3.1250000e-01  6.0825318e-01 
   188 : -3.1250000e-01  6.0825318e-01 
   189 : -1.9553016e-01  6.1814378e-01 
   190 : -9.7278655e-02  7.0630979e-01 
   191 :  2.4082201e-01 -1.1796209e+00 
   192 : -2.3616099e-01 -1.2017911e+00 
   193 : -5.7699161e-02 -1.2292536e+00 
   194 : -2.7932758e-02 -9.1699011e-01 
   195 : -7.4528428e-01 -9.1270986e-01 
   196 : -1.1536498e-01  4.1777842e-01 
   197 :  7.3899223e-01 -9.0729338e-01 
   198 : -1.1242725e+00  5.1539564e-02 
   199 : -1.2162713e-01  2.6904387e-01 
   200 : -1.1801661e-01  1.1621860e-01 
   201 : -1.2508090e+00 -1.7879935e-01 
   202 :  1.2502946e+00 -1.8063785e-01 
   203 : -3.2026250e-01  1.3522883e+00 
   204 :  3.2026250e-01  1.3522883e+00 
   205 :  1.1468353e-01 -3.5937500e-01 
   206 : -1.1655008e-01 -2.0309973e-01 
   207 :  1.1747436e-01 -4.6608802e-02 
   208 : -1.1789674e-01 -5.1455920e-01 
   209 :  1.2944632e-01  6.8480054e-01 
   210 :  3.1438523e-02  7.5000000e-01 
   211 :  4.4652865e-02  8.7839792e-01 
   212 : -1.0299295e+00 -7.0943173e-01 
   213 :  1.4498978e-01  9.3268889e-01 
   214 : -1.5544555e-01 -1.3330691e+00 
   215 :  1.1210593e+00  5.4710468e-02 
   216 : -2.5710877e-01  1.5740494e+00 
   217 :  2.5710877e-01  1.5740494e+00 
   218 :  8.7693858e-01 -8.0842651e-01 
   219 :  1.0284399e+00 -7.0689273e-01 
   220 :  1.3749526e+00  5.4088284e-02 
   221 : -1.3770053e+00  5.4062096e-02 
   222 :  1.2451742e-01  2.6821954e-01 
   223 : -5.9597538e-02  1.6981106e+00 
   224 :  1.2421979e+00 -2.3579171e-02 
   225 : -1.2467335e+00 -2.2400267e-02 
   226 : -1.0268104e+00 -8.8935168e-01 
   227 :  1.1461186e+00 -4.0766617e-01 
   228 : -1.1461186e+00 -4.0766617e-01 
   229 : -1.3986660e-01  1.0413246e+00 
   230 : -4.1648939e-02  1.0869373e+00 
   231 :  3.9809092e-01 -1.1566275e+00 
   232 :  5.3544543e-01 -1.1362387e+00 
   233 : -3.8221136e-01 -1.1472287e+00 
   234 :  2.1705689e-01 -1.3369418e+00 
   235 : -5.1050055e-01 -1.2544165e+00 
   236 : -7.7147452e-01 -1.0925833e+00 
   237 : -5.9552485e-01 -1.0083508e+00 
   238 :  6.0131692e-01 -1.0092318e+00 
   239 :  8.9999745e-01 -9.8745535e-01 
   240 :  1.2562815e+00 -5.1979444e-01 
   241 : -1.2562764e+00 -5.1976376e-01 
   242 :  9.1920981e-04  1.9038970e-01 
   243 :  9.1076840e-04  3.3215027e-02 
   244 : -3.4602876e-13 -4.3750000e-01 
   245 :  8.5930737e-03 -6.1792105e-01 
   246 : -6.0469685e-13 -2.8125000e-01 
   247 :  1.2969848e-05 -1.2452684e-01 
   248 : -8.4470198e-02  5.5693090e-01 
   249 : -1.5673981e-01  8.1818818e-01 
   250 :  5.0146459e-02  9.8636627e-01 
   251 :  9.7264541e-02 -1.2059460e+00 
   252 : -2.8718934e-01  1.2283759e+00 
   253 :  2.8666249e-01  1.2282320e+00 
   254 :  6.6326577e-01 -1.1942230e+00 
   255 : -5.0683222e-02 -7.7988951e-01 
   256 :  3.0989032e-01  1.4626754e+00 
   257 : -3.0989032e-01  1.4626754e+00 
   258 : -1.7445703e-01  1.6573122e+00 
   259 :  1.4035537e-01 -6.4911508e-01 
   260 : -4.7513350e-02  9.5546384e-01 
   261 :  5.1407238e-01 -1.2723852e+00 
   262 : -1.1362201e+00 -8.0080944e-01 
   263 :  1.1351197e+00 -8.0005419e-01 
   264 : -5.1422255e-01 -1.1239789e+00 
   265 : -5.5868479e-02  8.2674502e-01 
   266 :  1.3735522e+00 -2.3337591e-01 
   267 : -1.3735522e+00 -2.3337590e-01 
   268 :  4.1781854e-01  6.5828971e-01 
   269 : -4.1781854e-01  6.5828971e-01 
   270 :  4.6097160e-03  1.6070980e+00 
   271 :  9.6707129e-02  1.6692613e+00 
   272 :  1.7874272e-02 -1.0661581e+00 
   273 :  1.1038958e+00 -5.6071776e-01 
   274 : -1.1086564e+00 -5.5427688e-01 
   275 :  3.3898924e-03  1.1656184e+00 
   276 :  6.0990053e-02  1.1022063e+00 
   277 :  2.1134474e-01  6.1387827e-01 
   278 :  1.6848193e-01  1.5434819e+00 
   279 : -1.6455612e-01  1.5463654e+00 
   280 : -1.7025752e-01  1.2119514e+00 
   281 :  1.6980403e-01  1.2118789e+00 
   282 : -4.8550854e-02 -1.3827288e+00 
   283 :  2.3268908e-01  1.3875264e+00 
   284 : -2.3268908e-01  1.3875264e+00 
   285 :  1.3544508e-01  1.1348417e+00 
   286 :  4.6993487e-01 -8.9058303e-01 
   287 : -4.6996750e-01 -8.9078976e-01 
   288 : -2.7127119e-01 -1.3602355e+00 
   289 : -1.3103170e-01  1.1311529e+00 
   290 :  9.9410261e-01 -5.9340202e-01 
   291 :  8.3606409e-02 -9.4356912e-01 
   292 :  1.9962640e-01  1.6606073e+00 
   293 : -9.9340674e-01 -5.9284710e-01 
   294 :  4.2752348e-01  5.7224776e-01 
   295 : -4.2752348e-01  5.7224776e-01 
Number of edges 120 
     0 :      1     32 
     1 :     32     33 
     2 :     33     34 
     3 :     34     35 
     4 :     35     36 
     5 :     36     37 
     6 :     37      8 
     7 :      7     38 
     8 :     38     39 
     9 :     39     40 
    10 :     40     41 
    11 :     41     42 
    12 :     42     43 
    13 :     43      2 
    14 :      4     44 
    15 :     44     45 
    16 :     45     46 
    17 :     46     47 
    18 :     47     48 
    19 :     48     49 
    20 :     49     50 
    21 :     50     51 
    22 :     51     52 
    23 :     52     53 
    24 :     53     54 
    25 :     54     55 
    26 :     55     56 
    27 :     56     27 
    28 :      8     57 
    29 :     57     58 
    30 :     58     59 
    31 :     59     60 
    32 :     60     61 
    33 :     61     62 
    34 :     62     63 
    35 :     63      9 
    36 :     10     64 
    37 :     64     65 
    38 :     65     66 
    39 :     66     67 
    40 :     67     68 
    41 :     68     69 
    42 :     69     70 
    43 :     70      7 
    44 :      9     71 
    45 :     71     11 
    46 :     11     72 
    47 :     72     14 
    48 :     14     73 
    49 :     73     16 
    50 :     15     74 
    51 :     74     13 
    52 :     13     75 
    53 :     75     12 
    54 :     12     76 
    55 :     76     10 
    56 :     16     77 
    57 :     77     17 
    58 :     18     78 
    59 :     78     15 
    60 :     17     79 
    61 :     79     80 
    62 :     80     81 
    63 :     81     82 
    64 :     82     83 
    65 :     83     84 
    66 :     84     20 
    67 :     20     85 
    68 :     85     86 
    69 :     86     87 
    70 :     87     88 
    71 :     88     89 
    72 :     89     90 
    73 :     90     18 
    74 :      3     91 
    75 :     91     23 
    76 :     27     92 
    77 :     92     93 
    78 :     93     94 
    79 :     94     95 
    80 :     95     96 
    81 :     96     97 
    82 :     97     98 
    83 :     98     99 
    84 :     99    100 
    85 :    100    101 
    86 :    101    102 
    87 :    102    103 
    88 :    103    104 
    89 :    104      3 
    90 :     23    105 
    91 :    105    106 
    92 :    106    107 
    93 :    107     21 
    94 :     21    108 
    95 :    108    109 
    96 :    109    110 
    97 :    110     24 
    98 :     24    111 
    99 :    111      1 
   100 :      2    112 
   101 :    112     25 
   102 :     25    113 
   103 :    113    114 
   104 :    114    115 
   105 :    115     22 
   106 :     22    116 
   107 :    116    117 
   108 :    117    118 
   109 :    118     26 
   110 :     26    119 
   111 :    119      4 
   112 :     28    120 
   113 :    120     29 
   114 :     29    121 
   115 :    121     30 
   116 :     30    122 
   117 :    122     31 
   118 :     31    123 
   119 :    123     28 
Number of triangles 464 
     0 :    177    227     42
     1 :     33    228    178
     2 :     42    227    174
     3 :    175    228     33
     4 :    177    202    148
     5 :    147    201    178
     6 :      8    255    138
     7 :    189    248      9
     8 :    260    265    136
     9 :    156    248    190
    10 :    184    195    134
    11 :      9    248    196
    12 :    144    255      8
    13 :    211    265    260
    14 :     74    187     15
    15 :     16    188     73
    16 :    190    210    156
    17 :     16    189    188
    18 :    131    254    238
    19 :    176    255    245
    20 :     51    239     50
    21 :    190    248    189
    22 :     20    271    223
    23 :    148    227    177
    24 :    178    228    147
    25 :     97    236     96
    26 :    245    259    176
    27 :     16    190    189
    28 :    131    238    197
    29 :     18    181    180
    30 :    153    280    252
    31 :    253    281    154
    32 :      1    198    109
    33 :    238    254    232
    34 :    172    184    140
    35 :     79    179     17
    36 :     18    180     90
    37 :    223    271    270
    38 :    109    198    108
    39 :     74    268    187
    40 :    188    269     73
    41 :    172    195    184
    42 :    234    251    191
    43 :    187    277     15
    44 :     85    271     20
    45 :    218    239    197
    46 :     44    133      4
    47 :      3    132    104
    48 :    124    282    193
    49 :     39    182     38
    50 :     37    183     36
    51 :    203    284    153
    52 :    154    283    204
    53 :      2    215    167
    54 :     35    172    140
    55 :     40    173    152
    56 :     50    239    139
    57 :    131    239     51
    58 :    220    224    185
    59 :    166    198      1
    60 :    153    252    203
    61 :    204    253    154
    62 :    245    255    144
    63 :    152    218    197
    64 :     32    166      1
    65 :      2    167     43
    66 :    160    258    223
    67 :    169    234    191
    68 :    124    251    234
    69 :    136    265    249
    70 :    193    251    124
    71 :    202    266    148
    72 :    147    267    201
    73 :    173    218    152
    74 :    217    256    159
    75 :    158    257    216
    76 :     96    236    129
    77 :    256    283    159
    78 :    158    284    257
    79 :    134    236     97
    80 :    160    279    258
    81 :    134    226    184
    82 :     33    178     32
    83 :     43    177     42
    84 :    157    196    155
    85 :     64    130     10
    86 :    133    224    220
    87 :    192    288    125
    88 :    125    233    192
    89 :     64    222    130
    90 :    108    198    186
    91 :    191    231    169
    92 :      9    196     63
    93 :    156    209    149
    94 :    156    210    209
    95 :    218    219    139
    96 :    130    222    157
    97 :    190    265    210
    98 :     61    200    162
    99 :    179    229     17
   100 :     18    213    181
   101 :    184    226    212
   102 :    138    255    194
   103 :    201    225    166
   104 :    182    286     38
   105 :    114    215      2
   106 :    157    199    196
   107 :     41    290    173
   108 :    174    290     41
   109 :    130    149     10
   110 :     37    287    183
   111 :    183    287    237
   112 :    115    215    114
   113 :    140    293     34
   114 :     34    293    175
   115 :    116    220    185
   116 :    176    291    194
   117 :    108    186     21
   118 :    116    185     22
   119 :    202    224    133
   120 :    194    255    176
   121 :    183    237    195
   122 :    133    220      4
   123 :      3    221    132
   124 :    132    225    201
   125 :    155    156    149
   126 :    196    248    155
   127 :    219    273    146
   128 :     62    200     61
   129 :    252    280    179
   130 :    219    290    273
   131 :     38    126      7
   132 :    230    289    145
   133 :    180    281    253
   134 :      4    220    117
   135 :    106    221      3
   136 :      8    137     37
   137 :    165    274    212
   138 :    126    127      7
   139 :    195    236    134
   140 :    117    220    116
   141 :    107    221    106
   142 :    166    225    198
   143 :    199    200     62
   144 :    237    287    170
   145 :    274    293    212
   146 :    127    176      7
   147 :    216    279    158
   148 :    159    278    217
   149 :    184    212    140
   150 :    210    211    128
   151 :    226    262    212
   152 :      8    138    137
   153 :    139    239    218
   154 :    219    263    139
   155 :    197    239    131
   156 :    138    194    171
   157 :     94    125     93
   158 :     27    124     56
   159 :     55    169     54
   160 :    186    225    221
   161 :    152    182     39
   162 :    130    155    149
   163 :     36    183    172
   164 :    211    213    128
   165 :    183    195    172
   166 :     96    129     95
   167 :    152    197    182
   168 :     46    148     45
   169 :    103    147    102
   170 :     48    146     47
   171 :    101    165    100
   172 :     50    139     49
   173 :     98    134     97
   174 :     52    131     51
   175 :     60    206     59
   176 :     59    206    142
   177 :    163    205     69
   178 :     61    162     60
   179 :    162    206     60
   180 :     70    163     69
   181 :     57    144      8
   182 :     67    207     66
   183 :     68    164     67
   184 :     68    205    164
   185 :     57    208    144
   186 :     69    205     68
   187 :    164    207     67
   188 :     66    207    143
   189 :     71    188      9
   190 :     15    128     78
   191 :     17    136     77
   192 :     10    187     76
   193 :     58    208     57
   194 :     66    143     65
   195 :     59    142     58
   196 :    142    208     58
   197 :    167    224    202
   198 :     36    172     35
   199 :     35    140     34
   200 :     40    152     39
   201 :     41    173     40
   202 :     42    174     41
   203 :     34    175     33
   204 :    125    235    233
   205 :     63    199     62
   206 :    232    261    231
   207 :    230    276    250
   208 :    138    171    168
   209 :     78    213     18
   210 :    135    151    127
   211 :    171    193    192
   212 :    188    189      9
   213 :     21    186    107
   214 :     22    185    115
   215 :    171    192    168
   216 :    143    243    242
   217 :    126    135    127
   218 :     65    222     64
   219 :    178    201    166
   220 :    167    202    177
   221 :    168    170    137
   222 :    221    225    132
   223 :    215    224    167
   224 :    209    210    128
   225 :    135    191    151
   226 :    138    168    137
   227 :    271    278    161
   228 :    214    288    192
   229 :     53    261    254
   230 :    193    282    214
   231 :    126    150    135
   232 :     75    268     13
   233 :     73    269     14
   234 :     13    268     74
   235 :     14    269     72
   236 :    145    275    230
   237 :    193    214    192
   238 :     15    209    128
   239 :     16    249    190
   240 :    173    219    218
   241 :     81    203     80
   242 :     89    204     88
   243 :    128    213     78
   244 :    157    242    199
   245 :    231    261    169
   246 :    130    157    155
   247 :     15    277    209
   248 :    196    199     63
   249 :    198    225    186
   250 :    185    215    115
   251 :    181    285    180
   252 :    242    243    200
   253 :     28    145    123
   254 :     17    229    136
   255 :    120    141     28
   256 :    192    233    168
   257 :     98    226    134
   258 :     99    226     98
   259 :    222    242    157
   260 :     83    216     82
   261 :     87    217     86
   262 :    143    222     65
   263 :    223    270    160
   264 :    201    267    132
   265 :    133    266    202
   266 :    191    251    151
   267 :    200    243    162
   268 :    230    260    229
   269 :    211    260    250
   270 :    135    231    191
   271 :     77    249     16
   272 :    235    264    233
   273 :    160    270     30
   274 :     30    270    161
   275 :    229    289    230
   276 :    176    259      7
   277 :    194    272    171
   278 :     20    223     84
   279 :    185    224    215
   280 :    150    232    231
   281 :    186    221    107
   282 :      7    259     70
   283 :     32    178    166
   284 :    167    177     43
   285 :    236    237    129
   286 :    254    261    232
   287 :    197    238    182
   288 :    194    291    272
   289 :    124    234     56
   290 :    250    276    181
   291 :     94    235    125
   292 :    127    291    176
   293 :     55    234    169
   294 :    150    231    135
   295 :    168    233    170
   296 :    129    235     95
   297 :     56    234     55
   298 :    195    237    236
   299 :     95    235     94
   300 :    148    240    227
   301 :    228    241    147
   302 :    207    247    243
   303 :    143    242    222
   304 :     46    240    148
   305 :    147    241    102
   306 :    146    240     47
   307 :    101    241    165
   308 :     47    240     46
   309 :    102    241    101
   310 :    122    160     30
   311 :     30    161    121
   312 :    121    159     29
   313 :     31    158    122
   314 :    123    153     31
   315 :     29    154    120
   316 :    199    242    200
   317 :    150    238    232
   318 :    243    247    162
   319 :    271    292    278
   320 :    149    277     10
   321 :    155    248    156
   322 :    207    243    143
   323 :     38    286    126
   324 :     44    266    133
   325 :    132    267    104
   326 :     53    254     52
   327 :    148    266     45
   328 :    103    267    147
   329 :    137    287     37
   330 :     54    261     53
   331 :    250    260    230
   332 :    164    247    207
   333 :    246    247    164
   334 :    205    246    164
   335 :    163    244    205
   336 :    208    245    144
   337 :    142    244    208
   338 :    206    246    142
   339 :    206    247    246
   340 :    244    245    208
   341 :    163    245    244
   342 :    162    247    206
   343 :    244    246    205
   344 :    142    246    244
   345 :    251    272    151
   346 :    229    260    136
   347 :    165    262    100
   348 :     48    263    146
   349 :    139    263     49
   350 :    211    250    213
   351 :     71    295    188
   352 :    187    294     76
   353 :    161    278    121
   354 :    122    279    160
   355 :    121    278    159
   356 :    158    279    122
   357 :    213    250    181
   358 :    146    263    219
   359 :     93    288     92
   360 :     92    282     27
   361 :    145    280    123
   362 :    212    262    165
   363 :    120    281    141
   364 :     10    277    187
   365 :    136    249     77
   366 :    257    284    203
   367 :    204    283    256
   368 :    238    286    182
   369 :     92    288    214
   370 :    214    282     92
   371 :     52    254    131
   372 :     79    252    179
   373 :    150    286    238
   374 :    180    253     90
   375 :     80    252     79
   376 :     90    253     89
   377 :    169    261     54
   378 :     70    259    163
   379 :    237    264    129
   380 :     84    258     83
   381 :     88    256     87
   382 :     82    257     81
   383 :     86    292     85
   384 :    100    262     99
   385 :     49    263     48
   386 :    159    283     29
   387 :     31    284    158
   388 :     29    283    154
   389 :    153    284     31
   390 :    210    265    211
   391 :    123    280    153
   392 :    154    281    120
   393 :     45    266     44
   394 :    104    267    103
   395 :    240    273    227
   396 :    228    274    241
   397 :    203    252     80
   398 :     89    253    204
   399 :     99    262    226
   400 :     81    257    203
   401 :    204    256     88
   402 :    272    291    151
   403 :    171    272    193
   404 :    170    264    237
   405 :    216    257     82
   406 :     87    256    217
   407 :     83    258    216
   408 :    129    264    235
   409 :    270    271    161
   410 :     27    282    124
   411 :    163    259    245
   412 :    188    295    269
   413 :    268    294    187
   414 :     85    292    271
   415 :    209    277    149
   416 :    125    288     93
   417 :    151    291    127
   418 :     72    295     11
   419 :     76    294     12
   420 :     11    295     71
   421 :     12    294     75
   422 :    223    258     84
   423 :    258    279    216
   424 :    249    265    190
   425 :    193    272    251
   426 :    170    287    137
   427 :    126    286    150
   428 :    233    264    170
   429 :    146    273    240
   430 :    241    274    165
   431 :    173    290    219
   432 :    212    293    140
   433 :     28    275    145
   434 :    227    273    174
   435 :    175    274    228
   436 :    141    275     28
   437 :    179    289    229
   438 :    217    292     86
   439 :    278    292    217
   440 :    275    276    230
   441 :    141    276    275
   442 :    175    293    274
   443 :    273    290    174
   444 :    141    285    276
   445 :    281    285    141
   446 :    145    289    280
   447 :     75    294    268
   448 :    269    295     72
   449 :    276    285    181
   450 :    280    289    179
   451 :    180    285    281
   452 :    110      1    109
   453 :    111      1    110
   454 :    113      2    112
   455 :    114      2    113
   456 :    105      3     91
   457 :    106      3    105
   458 :      4    117    118
   459 :      4    118    119
   460 :     91     23    105
   461 :    110     24    111
   462 :    112     25    113
   463 :    118     26    119
Number of domains 28
  Domain :      0 
  Name : Entity 0 
  Number of elements :      7
     0     1     2     3     4     5     6
  Domain :      1 
  Name : Entity 1 
  Number of elements :      7
     7     8     9    10    11    12    13
  Domain :      2 
  Name : Entity 2 
  Number of elements :     14
    14    15    16    17    18    19    20    21    22    23
    24    25    26    27
  Domain :      3 
  Name : Entity 3 
  Number of elements :      8
    28    29    30    31    32    33    34    35
  Domain :      4 
  Name : Entity 4 
  Number of elements :      8
    36    37    38    39    40    41    42    43
  Domain :      5 
  Name : Entity 5 
  Number of elements :      2
    44    45
  Domain :      6 
  Name : Entity 6 
  Number of elements :      2
    46    47
  Domain :      7 
  Name : Entity 7 
  Number of elements :      2
    48    49
  Domain :      8 
  Name : Entity 8 
  Number of elements :      2
    50    51
  Domain :      9 
  Name : Entity 9 
  Number of elements :      2
    52    53
  Domain :     10 
  Name : Entity 10 
  Number of elements :      2
    54    55
  Domain :     11 
  Name : Entity 11 
  Number of elements :      2
    56    57
  Domain :     12 
  Name : Entity 12 
  Number of elements :      2
    58    59
  Domain :     13 
  Name : Entity 13 
  Number of elements :      7
    60    61    62    63    64    65    66
  Domain :     14 
  Name : Entity 14 
  Number of elements :      7
    67    68    69    70    71    72    73
  Domain :     15 
  Name : Entity 15 
  Number of elements :      2
    74    75
  Domain :     16 
  Name : Entity 16 
  Number of elements :     14
    76    77    78    79    80    81    82    83    84    85
    86    87    88    89
  Domain :     17 
  Name : Entity 17 
  Number of elements :      4
    90    91    92    93
  Domain :     18 
  Name : Entity 18 
  Number of elements :      4
    94    95    96    97
  Domain :     19 
  Name : Entity 19 
  Number of elements :      2
    98    99
  Domain :     20 
  Name : Entity 20 
  Number of elements :      2
   100   101
  Domain :     21 
  Name : Entity 21 
  Number of elements :      4
   102   103   104   105
  Domain :     22 
  Name : Entity 22 
  Number of elements :      4
   106   107   108   109
  Domain :     23 
  Name : Entity 23 
  Number of elements :      2
   110   111
  Domain :     24 
  Name : Entity 24 
  Number of elements :      2
   112   113
  Domain :     25 
  Name : Entity 25 
  Number of elements :      2
   114   115
  Domain :     26 
  Name : Entity 26 
  Number of elements :      2
   116   117
  Domain :     27 
  Name : Entity 27 
  Number of elements :      2
   118   119
