Size 292,2
-2.644850873869722273e-06,1.816317126041251356e-07
2.686447736523622392e-06,1.816434859495107186e-07
-2.721723718746202552e-06,-4.196322861298643786e-08
2.762730264361064650e-06,-4.195745559596862220e-08
2.291183693268815973e-07,3.488561259909860888e-06
-1.899976252453621461e-07,3.487596882042322624e-06
2.637171323125459335e-08,4.002821503326326006e-06
-2.000671281896311837e-08,4.007906254085199038e-06
2.453775449794050284e-08,4.055636045613727851e-06
-1.810030712498765085e-08,4.064168677810862702e-06
-4.066633931536908091e-08,4.061306714715608989e-06
4.280553618888781514e-08,4.052729815852712744e-06
-2.856096827597917953e-08,4.049874804311871228e-06
3.047794895350361227e-08,4.047047868146295257e-06
0.000000000000000000e+00,4.108899052721635763e-06
0.000000000000000000e+00,4.110017881378825740e-06
0.000000000000000000e+00,4.162683192439518608e-06
-2.729029146555062065e-06,0.000000000000000000e+00
2.771490312785464310e-06,0.000000000000000000e+00
-2.723564887367851437e-06,0.000000000000000000e+00
-2.613079621834924292e-06,0.000000000000000000e+00
2.654283721493587135e-06,0.000000000000000000e+00
2.764693041351290857e-06,0.000000000000000000e+00
1.756588824699002694e-08,3.396604373506339245e-06
-1.753137580872118472e-10,4.114862426348066221e-06
-2.717557817529111090e-09,4.142659926994862069e-06
-1.775646872383017937e-10,4.160352125997188053e-06
2.582061207565441905e-09,4.142442317303952283e-06
-2.466516739545301457e-06,6.331923217695578308e-07
-2.142114064084656689e-06,1.074244113183293966e-06
-1.721138135053104178e-06,1.589896379038851611e-06
-1.282163982651528829e-06,2.130417755247089355e-06
-8.795645750619617788e-07,2.643723604577757636e-06
-5.270315350817376583e-07,3.109036606439394340e-06
5.657641728801770271e-07,3.108613311824234931e-06
9.206773001435619821e-07,2.644320574445195986e-06
1.321577173889879971e-06,2.131595895093094097e-06
1.760512836881006695e-06,1.591042197461485957e-06
2.181976299423740649e-06,1.076206865200907516e-06
2.507242648090123479e-06,6.364278485148224605e-07
2.579233644965779216e-06,-1.551215060910003616e-07
2.252229922817220908e-06,-2.229221136744871236e-07
1.820891211943856642e-06,-1.764918986737779599e-07
1.321541287504143975e-06,-2.266781363875672872e-08
8.129911334982342126e-07,2.507410349502511904e-07
3.358103760468731901e-07,6.341305730540998242e-07
-5.426438296431231326e-08,1.089814124776763220e-06
-3.379690227103981162e-07,1.584248076979472607e-06
-5.023328553213823053e-07,2.076456542859284911e-06
-5.451425646712124190e-07,2.526592067663866521e-06
-4.874204583154006325e-07,2.903784460362423380e-06
-3.577288282727311604e-07,3.175312117323366818e-06
-1.807150821820010366e-07,3.343085027696415898e-06
2.060786292097794482e-08,3.585838433873496388e-06
6.179662812066866566e-08,3.642407355054310221e-06
6.196363058843820166e-08,3.704195772425402768e-06
5.565288276617255256e-08,3.768157088888724715e-06
4.974581458700550677e-08,3.830360064284116631e-06
4.405793905467910044e-08,3.889218380382150919e-06
3.691252223400823812e-08,3.945400599586159195e-06
-2.750933013193655940e-08,3.950004591287072712e-06
-3.177417619228048294e-08,3.894744023234096490e-06
-3.375140069129688465e-08,3.836728304996833491e-06
-3.539562565676489354e-08,3.775436733417776599e-06
-3.695805166700779943e-08,3.712332656161841205e-06
-3.112100287039105059e-08,3.651648202106950246e-06
1.611765058064078101e-08,3.596623613563857979e-06
2.453885731819890132e-08,4.041875168864097195e-06
3.549957014797996013e-08,4.054021867214779051e-06
4.033129894527586644e-08,4.042423532817841502e-06
-3.822041950006840503e-08,4.048770306846621880e-06
-3.117411632268051892e-08,4.062570120261037661e-06
-1.811505095392627162e-08,4.048300099665897805e-06
1.799674795333177482e-08,4.076590760317340478e-06
-1.628798328119593108e-08,4.078950326185608475e-06
0.000000000000000000e+00,4.141525985700777246e-06
0.000000000000000000e+00,4.149295008530573730e-06
0.000000000000000000e+00,4.150430709037274121e-06
0.000000000000000000e+00,4.151583268125038221e-06
0.000000000000000000e+00,4.155402960047148180e-06
0.000000000000000000e+00,4.160492632223516509e-06
0.000000000000000000e+00,4.160689761102616615e-06
0.000000000000000000e+00,4.155550559113073373e-06
0.000000000000000000e+00,4.151843597767830567e-06
0.000000000000000000e+00,4.150761447143637035e-06
0.000000000000000000e+00,4.149726954201776375e-06
0.000000000000000000e+00,4.142080470173672460e-06
-2.724464813984281581e-06,-1.049914385835123137e-09
2.203371795460593610e-07,3.344682276789283519e-06
4.008429511714378728e-07,3.174353112960724891e-06
5.303105655048781440e-07,2.901031074406683503e-06
5.861064391178386397e-07,2.526143288421769207e-06
5.407302203005402095e-07,2.076229049314036984e-06
3.770604283231661844e-07,1.583460466357540352e-06
9.416064992492092474e-08,1.089267033911480981e-06
-2.965334764222918545e-07,6.328332743894069871e-07
-7.737904610331968363e-07,2.499782003400605948e-07
-1.282073743108528337e-06,-2.278121528361134990e-08
-1.781096178106333433e-06,-1.764612193940693017e-07
-2.211945851889687344e-06,-2.229350283983116581e-07
-2.538602929552750902e-06,-1.556915684113529052e-07
-2.715566953892382848e-06,0.000000000000000000e+00
-2.749019692561347928e-06,0.000000000000000000e+00
-2.761700031015097906e-06,0.000000000000000000e+00
-2.697435919754503239e-06,0.000000000000000000e+00
-2.632915873002608126e-06,0.000000000000000000e+00
-2.568872900912322285e-06,0.000000000000000000e+00
-2.621133557831538443e-06,9.396258662716837296e-09
2.662371659271089844e-06,9.435927407086826165e-09
2.609965976763385299e-06,0.000000000000000000e+00
2.673190494056268520e-06,0.000000000000000000e+00
2.738767400065516143e-06,0.000000000000000000e+00
2.802778967298166734e-06,0.000000000000000000e+00
2.790434524835351390e-06,0.000000000000000000e+00
2.756729901320468723e-06,0.000000000000000000e+00
2.765582379449927775e-06,-1.037561115076797709e-09
-7.939289321949935049e-10,4.126186611630227466e-06
3.382935604541818448e-11,4.154826508297954460e-06
-4.086841289466102897e-11,4.154707459131260737e-06
4.676769187625150691e-10,4.126001117704601495e-06
-4.728443827172138238e-08,3.455939446236100657e-06
3.040536121447218783e-07,3.172362547415767910e-06
1.794058815180411455e-07,3.335311038983121158e-06
1.058083486922055504e-07,3.515368886401927133e-06
-1.160942325215308332e-08,4.069553887347176021e-06
3.066649388922458059e-07,2.563098513998828108e-06
-8.021354481602576738e-09,3.972431763552159171e-06
-1.041838645106916468e-07,2.160108430031096016e-06
-2.666756664023917623e-06,6.278862649058587797e-09
2.707404057787308558e-06,8.319184160543035524e-09
-1.100387018485988837e-07,1.666883471751289371e-06
1.962306859561887936e-08,3.393570931148498966e-06
3.768156383204174211e-09,4.090865987926582521e-06
-1.384990054394271867e-07,3.335976672624079889e-06
-6.008053203430768334e-08,3.528679589476219877e-06
4.768116397085229523e-07,1.183763217526165515e-06
-1.109871205241445685e-06,1.597481870935772184e-06
6.084815024387504552e-10,4.117962905204921635e-06
3.800734214068692553e-08,3.665412461629460125e-06
-1.244459999696941023e-08,3.866598023683124967e-06
-3.897111648842203678e-08,3.529942406909949028e-06
-1.044104813381468710e-09,4.117668414753669974e-06
1.233851125814942262e-06,4.789063403011637319e-07
-2.195068272077591242e-06,1.354271900263032714e-07
2.235258979019419045e-06,1.355415455078289429e-07
-1.234092771710744461e-08,4.007616175157584005e-06
2.896132388364115284e-08,3.110827578241622308e-06
1.150338728697263150e-08,3.526266992649673983e-06
7.456485863923420240e-07,2.176320997240323218e-06
4.237411461882158123e-09,4.139415026549456509e-06
-4.434078295825566379e-09,4.139753406887141137e-06
2.241451299037808984e-09,3.986829757595953686e-06
-6.151992631924697810e-10,4.024332737950854001e-06
4.218451926925280081e-09,3.946328560338979269e-06
2.597112347335687502e-09,4.150084446214514472e-06
-2.660752532820449148e-09,4.150357169342786673e-06
-3.702083586601622511e-10,4.159131844018003281e-06
2.091446107904266513e-10,4.158781804044627155e-06
2.942883570557373876e-08,3.802670887961791921e-06
3.235676966489252006e-09,3.595025892386597059e-06
-1.139340595119776518e-08,3.740280093951924953e-06
-1.195539798276623152e-06,4.780741855778419386e-07
-2.651209959566229606e-06,2.730128621056073134e-07
2.689717145706002908e-06,2.794779887821028086e-07
2.179253250751594191e-08,3.397018344064355329e-06
-2.630298965984370227e-07,3.177952013860391711e-06
1.466879110403483163e-08,3.118031032200950480e-06
2.586543460599775748e-08,3.537082768373008476e-06
-7.282578629688721891e-07,2.161354947274020148e-06
1.154519062109215823e-06,1.603111769340196567e-06
1.826478316155711456e-06,9.544178853706932723e-07
-1.787383182311140199e-06,9.534411040942659535e-07
8.649621041404912337e-08,3.556935753279809902e-06
2.422032103200534569e-06,4.523016592104309656e-07
-2.381820349496949384e-06,4.520561506828478888e-07
-5.124483064382833662e-12,4.122347543796097990e-06
-1.659876682900062509e-10,4.122651722387191817e-06
4.486559270089903799e-10,4.107783783071357462e-06
4.495544186957346360e-07,2.671350421138139632e-06
-4.032859346203204242e-07,2.665992013758375817e-06
-6.221848189566555648e-07,1.614407263885006003e-06
2.789541404973619468e-06,5.383709546201853635e-08
-2.749385326697891002e-06,5.358577731490795624e-08
-3.251518314369020505e-08,4.036484314429402376e-06
3.714563331533972479e-08,4.031072500216228897e-06
2.682091924834239026e-08,4.024000451891209926e-06
1.422312825743699036e-08,4.044736616701795013e-06
-8.757983787201517658e-08,3.404597588346874939e-06
1.384710527858923882e-07,3.406833502688034188e-06
5.515203309395966124e-08,3.515600410807028706e-06
7.953997735682103863e-09,3.576444668437791951e-06
-2.718570891681983786e-07,2.179641761791390543e-06
1.439756943536815287e-08,3.969087965957094824e-06
3.236115277701210365e-07,2.199937227623675379e-06
-2.710311324070417356e-06,1.245472225969618169e-07
2.180135810268177361e-08,3.920756107824467067e-06
2.557534712802856393e-08,3.865872633293956699e-06
-2.553413687315385703e-06,1.579781206944021352e-07
2.590897051590978741e-06,1.595917537126110896e-07
3.442644180241516083e-09,4.146803439956939843e-06
-3.515251285484305223e-09,4.147171232359923477e-06
-1.058217345352482828e-08,3.669120105019059226e-06
3.411974275681325875e-08,3.736814807104478108e-06
-1.179970085359040347e-08,3.805715628305973907e-06
2.917685701248251399e-08,3.588555521570848695e-06
-1.606629102915790138e-08,4.040635253781328378e-06
-2.575923834606417699e-09,4.056125433099973017e-06
-1.388308612950777977e-09,4.082524200077318855e-06
-1.003151917510582301e-06,1.043846824460505225e-06
-2.529791026170797358e-09,4.092969349903550496e-06
1.509662133240890282e-07,3.420304739454013081e-06
2.751044169595724232e-06,1.234369774956028864e-07
9.454570402387993995e-10,4.154237089255754971e-06
-9.303080108729768390e-10,4.154474089834413976e-06
6.593979657508945142e-07,1.656677728684358205e-06
1.049941684698411604e-06,1.048218091443697307e-06
2.792151962104919160e-06,1.167984822720515370e-08
-2.750954051738548227e-06,1.043922723588215497e-08
-1.187566268000583686e-08,3.923013720199302798e-06
-1.274162590288588711e-11,4.161646566297797974e-06
2.759199979216573845e-06,1.154090807275130088e-07
-2.719237293025644574e-06,1.117461748134185070e-07
-4.282474803315053002e-07,1.158871537625439404e-06
2.041133968013731471e-06,4.850104850153470052e-07
-2.001209363358005440e-06,4.843897943198133884e-07
-5.828757018785303058e-10,4.106363909970930604e-06
-7.122151891755041308e-10,4.107853563206259605e-06
-1.368455336234163087e-07,3.169728778248832772e-06
-1.547154361946134555e-07,2.859464664487814362e-06
1.581135736349952641e-07,3.202042774314339805e-06
-1.646277423991472570e-07,3.370304427563974245e-06
3.463903954821890929e-07,2.908395032328745506e-06
1.503527308711993495e-07,2.148654781313098574e-06
-1.977494729000817251e-08,2.690371318648168285e-06
5.782686063608336284e-08,2.673726310021213790e-06
1.548591304552097389e-07,1.665594943753383461e-06
1.736316153235344128e-06,2.458574955286459395e-07
-1.696724861314122877e-06,2.458164599184483925e-07
5.840599473620268644e-09,3.894636222937066884e-06
7.678727484305362547e-09,3.836027879051461706e-06
1.484930711844727557e-08,3.628475710527250745e-06
1.963912500962676255e-08,3.552993112410813639e-06
1.241020195533535694e-08,3.703019808506896511e-06
9.981883169763635750e-09,3.772154820603823610e-06
1.281010124124921187e-08,4.004941054360678943e-06
1.423841603744906378e-08,4.068154610620877436e-06
-2.417263593454895864e-10,4.097782792128353669e-06
-2.748390223250549656e-08,3.505463065971568706e-06
3.327655320168222379e-09,4.139085413892321494e-06
-3.449712159521450970e-09,4.139552975947072116e-06
-2.900645962009678715e-07,2.505377729228984530e-06
-1.259387288867305952e-08,3.560667181492154430e-06
-2.531723534145496940e-09,4.150573309180974698e-06
2.494065214879199511e-09,4.150283737178856593e-06
9.990151926428616061e-11,4.158665352457087972e-06
7.757960325034712529e-08,3.538106957741423809e-06
5.023354243692020260e-10,4.093443727802619165e-06
-3.323795572252634858e-07,2.897764162678014973e-06
-7.437996465325934222e-07,7.268786781200405862e-07
7.854100062887855190e-07,7.311460824400495584e-07
1.710066958607965934e-07,2.915100480884764339e-06
4.800966560508430075e-09,4.072612438446838884e-06
2.486701991658989061e-06,-2.077852348936643999e-08
-2.446068852833758939e-06,-2.091494726465026158e-08
-3.462720671417693703e-08,4.052936609029618103e-06
3.838808799497712205e-08,4.045799900241967176e-06
3.039655493140715420e-11,4.160870293536311582e-06
1.532148244688685631e-10,4.160887470117143722e-06
1.878620294450344566e-08,3.563200314377174571e-06
1.559984007452310724e-06,7.053762157171780998e-07
-1.542828966032546089e-06,6.856399418892536105e-07
-1.769559777125334311e-10,4.112699251150578275e-06
4.349228619635707526e-10,4.109763266386415125e-06
-2.419434882893889401e-08,4.026846018168042011e-06
-4.273328259001631538e-10,4.155636727073131553e-06
3.357446435098862210e-10,4.155580562366717911e-06
3.967424656278582990e-10,4.126812862463653440e-06
-7.159829498807470795e-10,4.127154654181847911e-06
6.500807303695072271e-08,3.445342629763857932e-06
-3.677989290655361938e-09,4.146107594917292862e-06
3.575160335456066270e-09,4.145799143937314101e-06
4.638870404321071425e-10,4.116851653504044090e-06
2.477574286605967377e-07,3.009684700288398774e-06
-2.071175614923899777e-07,3.009558473795759056e-06
2.666565756352950362e-07,3.298197287994755532e-06
-9.088067836891542032e-10,4.115755850521404032e-06
1.402642383086598353e-06,1.088679478027613000e-06
4.687773757600860607e-08,3.561266684847605496e-06
-2.279553093675316557e-10,4.158096956308679578e-06
-1.364480437903296366e-06,1.089366752762013488e-06
-2.634985225040868124e-08,4.055203704409266453e-06
3.156953227320269552e-08,4.047900108045718389e-06
